intrinsic: 1718.72 0 663.158 0 1718.08 349.859 0 0 1
distCoeffs: -0.153189 0.140659 -4.76624e-05 -0.00166295 0.512636
newIntrinsic: 1683.92 0 662.3 0 1682.77 349.725 0 0 1
RC2B1: 0.000709052 0.926573 0.376114 0.999936 0.0035945 -0.0107403 -0.0113036 0.376097 -0.926511
TC2B1: -4.711 -13.7497 208.858
RC2B2: -0.0386627 0.925947 0.375669 0.998945 0.0451352 -0.00844062 -0.0247715 0.374946 -0.926715
TC2B2: -9.42161 -9.03615 226.372
RC2B3: 0.0182893 0.703397 0.710562 0.999829 -0.010939 -0.0149061 -0.00271202 0.710713 -0.703477
TC2B3: -26.8515 -4.52017 202.405
downUV1: 755.612 555.337 904.448 548.464
downUV1: 728.128 554.452 625.621 558.021
rightUV1: 906.093 325.625 905.984 203.125
downUV1: 901.909 546.386 755.62 553.011
downUV1: 650.63 559.502 753.131 555.781
topUV1: 824.355 167.311 636.798 158.512
rightUV1: 907.13 545.625 907.167 380.625
leftUV1: 545.933 156.873 545.684 471.875
leftUV1: 548.404 475.625 548.474 158.125
rightUV1: 904.805 364.374 904.877 544.375
topUV2: 854.434 228.655 525.629 201.831
rightUV2: 847.891 451.82 843.329 575.633
downUV2: 840.63 576.662 536.875 578.151
leftUV2: 519.294 285.622 511.164 483.199
topUV2: 725.638 220.462 853.212 230.803
topUV2: 545.635 205.501 724.375 220.623
leftUV2: 513.309 485.685 524.941 205.597
rightUV2: 845.586 576.874 850.163 454.358
rightUV2: 853.044 309.328 849.266 415.621
rightUV2: 851.772 416.911 855.068 313.068
downUV2: 595.625 579.857 739.375 579.855
downUV2: 740.62 579.135 843.127 578.766
downUV3: 673.2 603.575 466.862 638.05
topUV3: 668.17 239.707 440.607 228.491
downUV3: 376.842 655.428 675.814 605.506
rightUV3: 677.943 603.129 671.161 250.615
leftUV3: 374.419 508.124 370.87 309.393
topUV3: 440.616 230.803 665.688 241.836
leftUV3: 369.068 345.631 375.208 653.133
leftUV3: 377.555 651.86 374.477 510.623
rightUV3: 668.609 244.34 675.76 601.872
plane1: -0.0174525 0.0106975 0.99979 -27.8396
plane2: -0.0154114 0.0108023 0.999823 -9.77331
plane3: -0.021843 -0.385003 0.922657 -9.34662
intrinsic: 1718.72 0 663.158 0 1718.08 349.859 0 0 1
distCoeffs: -0.153189 0.140659 -4.76624e-05 -0.00166295 0.512636
newIntrinsic: 1683.92 0 662.3 0 1682.77 349.725 0 0 1
RC2B1: 0.000709052 0.926573 0.376114 0.999936 0.0035945 -0.0107403 -0.0113036 0.376097 -0.926511
TC2B1: -4.711 -13.7497 208.858
RC2B2: -0.0386627 0.925947 0.375669 0.998945 0.0451352 -0.00844062 -0.0247715 0.374946 -0.926715
TC2B2: -9.42161 -9.03615 226.372
RC2B3: 0.0182893 0.703397 0.710562 0.999829 -0.010939 -0.0149061 -0.00271202 0.710713 -0.703477
TC2B3: -26.8515 -4.52017 202.405
intrinsic: 1718.72 0 663.158 0 1718.08 349.859 0 0 1
distCoeffs: -0.153189 0.140659 -4.76624e-05 -0.00166295 0.512636
newIntrinsic: 1683.92 0 662.3 0 1682.77 349.725 0 0 1
RC2B1: 0.000709052 0.926573 0.376114 0.999936 0.0035945 -0.0107403 -0.0113036 0.376097 -0.926511
TC2B1: -4.711 -13.7497 208.858
RC2B2: -0.0386627 0.925947 0.375669 0.998945 0.0451352 -0.00844062 -0.0247715 0.374946 -0.926715
TC2B2: -9.42161 -9.03615 226.372
RC2B3: 0.0182893 0.703397 0.710562 0.999829 -0.010939 -0.0149061 -0.00271202 0.710713 -0.703477
TC2B3: -26.8515 -4.52017 202.405
plane1: -0.0174525 0.0106975 0.99979 -27.8396
plane2: -0.0154114 0.0108023 0.999823 -9.77331
plane3: -0.021843 -0.385003 0.922657 -9.34662
plane1: -0.0174525 0.0106975 0.99979 -27.8396
plane2: -0.0154114 0.0108023 0.999823 -9.77331
plane3: -0.021843 -0.385003 0.922657 -9.34662
plane1: -0.0174525 0.0106975 0.99979 -27.8396
plane2: -0.0154114 0.0108023 0.999823 -9.77331
plane3: -0.021843 -0.385003 0.922657 -9.34662
intrinsic: 1718.72 0 663.158 0 1718.08 349.859 0 0 1
distCoeffs: -0.153189 0.140659 -4.76624e-05 -0.00166295 0.512636
newIntrinsic: 1683.92 0 662.3 0 1682.77 349.725 0 0 1
RC2B1: 0.000709052 0.926573 0.376114 0.999936 0.0035945 -0.0107403 -0.0113036 0.376097 -0.926511
TC2B1: -4.711 -13.7497 208.858
RC2B2: -0.0386627 0.925947 0.375669 0.998945 0.0451352 -0.00844062 -0.0247715 0.374946 -0.926715
TC2B2: -9.42161 -9.03615 226.372
RC2B3: 0.0182893 0.703397 0.710562 0.999829 -0.010939 -0.0149061 -0.00271202 0.710713 -0.703477
TC2B3: -26.8515 -4.52017 202.405
intrinsic: 1718.72 0 663.158 0 1718.08 349.859 0 0 1
distCoeffs: -0.153189 0.140659 -4.76624e-05 -0.00166295 0.512636
newIntrinsic: 1683.92 0 662.3 0 1682.77 349.725 0 0 1
RC2B1: 0.000709052 0.926573 0.376114 0.999936 0.0035945 -0.0107403 -0.0113036 0.376097 -0.926511
TC2B1: -4.711 -13.7497 208.858
RC2B2: -0.0386627 0.925947 0.375669 0.998945 0.0451352 -0.00844062 -0.0247715 0.374946 -0.926715
TC2B2: -9.42161 -9.03615 226.372
RC2B3: 0.0182893 0.703397 0.710562 0.999829 -0.010939 -0.0149061 -0.00271202 0.710713 -0.703477
TC2B3: -26.8515 -4.52017 202.405
