topCC: -0.9265682288230883 -0.001026812063409169 -0.376125328836854 52.88782081409295 -23.75453510742512 232.3560241164714 1045 177 -55.52066195820845 -23.874672118843993 188.3493606425594 165 136 
downCC: 0.9265638461761496 0.008894682743060489 0.37603234379260586 -71.27198000173962 25.3676012541437 181.38434023445572 0 585 -5.485946923233371 25.999123728900987 208.08263664373075 617 559 
leftCC: 0.00028009191040765155 0.9999340894280654 -0.011477732711099153 -14.01180603020847 22.87755518502854 204.65777888216002 547 537 -14.01880832796867 -2.1207970506658285 204.94472219993747 547 332 
rightCC: 0.0014053592591818972 -0.9999250546056027 0.012161831167021755 32.430859831603144 -31.512356171608303 224.14152035192615 905 113 32.328268605682794 41.48217281461996 223.25370667673354 906 662 
planeCC: 0.376114 -0.0107403 -0.926511 195.13343158908998 -4.711 -13.7497 208.858 
intrinsic: 1683.92 0.0 662.3 0.0 1682.77 349.725 0.0 0.0 1.0 
HC2B: 0.000709052 0.926573 0.376114 -4.711 0.999936 0.0035945 -0.0107403 -13.7497 -0.0113036 0.376097 -0.926511 208.858 
line1LC: 0.9998231 0.007904528 0.017067615 1.6599998 22.9 27.6293 
line2LC: 0.9998487 -1.4450889e-07 0.01739505 -2.7000003 -26.600002 28.0853 
line3LC: -0.0125964675 0.9998634 -0.010703416 25.46 -3.92 28.3322 
line4LC: -0.00063641195 0.99994606 -0.010364626 -23.820002 8.62 27.335001 
planeLC: -0.0174525 0.0106975 0.99979 -27.8396 4.0 -26.6 28.195999 2.4000001 -5.8000002 27.941 -17.6 9.0 27.440001 -10.8 22.799999 27.41 
