topCC: -0.92656823 -0.00102681 -0.37612533 74.19889008 -23.73091843 241.00690668 1180 184 -55.52066196 -23.87467212 188.34936064 165 136
downCC: -0.92656385 -0.00889468 -0.37603234 -31.42973462 25.75007261 197.55373102 394 569 -71.27198 25.36760125 181.38434023 0 585
leftCC: 2.80091910e-04 9.99934089e-01 -1.14777327e-02 -14.02384998 -20.11961066 205.15132139 547 184 -14.02749118 -33.11875382 205.30053191 547 78
rightCC: 0.00140536 -0.99992505 0.01216183 32.40837408 -15.5135553 223.94693105 905 233 32.37745618 6.4847959 223.67937077 906 398
planeCC: 0.376114 -0.0107403 -0.926511 195.13343158908998 -4.711 -13.7497 208.858

intrinsic: 1.68392e+03 0.00000e+00 6.62300e+02 0.00000e+00 1.68277e+03 3.49725e+02 0.00000e+00 0.00000e+00 1.00000e+00

HC2B: 7.09052e-04 9.26573e-01 3.76114e-01 -4.71100e+00 9.99936e-01 3.59450e-03 -1.07403e-02 -1.37497e+01 -1.13036e-02 3.76097e-01 -9.26511e-01 2.08858e+02

rightLC: 9.9984670e-01 6.3532205e-08 1.7511744e-02 2.8999999e+00 -2.6600002e+01 2.8184301e+01
leftLC: 9.9985439e-01 -9.1846852e-04 1.7043218e-02 5.4600000e+00 2.3020000e+01 2.7694698e+01
downLC: -8.9534884e-03 9.9990517e-01 -1.0465414e-02 2.5539997e+01 -7.4000001e+00 2.8369999e+01
topLC: -6.6411783e-09 9.9994421e-01 -1.0561109e-02 -2.3800001e+01 1.1000001e+00 2.7417501e+01
planeLC: -0.0174525 0.0106975 0.99979 -27.8396 -22.4 -26.6 27.743 -11.8 -26.6 27.923 3 -4.4000001 27.941 7 14.8 27.818001